fx =  2733.4899715848537
fy =  1699.969871197179
ox =  389.6336568715432
oy =  207.16349871798124
ret: 2.744205026701205
cameraMatrix: [[2.73348997e+03 0.00000000e+00 3.89633657e+02]
 [0.00000000e+00 1.69996987e+03 2.07163499e+02]
 [0.00000000e+00 0.00000000e+00 1.00000000e+00]]

distCoeffs: 2.744205026701205

RVecs:
[-0.80569671][-0.41859893][1.51984439]
[-0.71194768][0.44645448][1.45040156]
[-0.63380341][0.91800249][1.44603404]
[-0.38365013][-0.38481843][1.56370276]
[0.45113574][1.10303748][1.40481954]
[-0.70077452][-0.43533028][1.52296815]
[-0.62206508][0.47329031][1.46472443]
[-1.59678746][-1.12360445][-2.17302001]
[0.10564431][-0.43897353][-0.02817314]
[-0.01880932][-0.52193144][0.01237238]
[1.42393544][0.71193967][2.74047303]

TVecs
[59.82347071][150.51958219][1777.64754609]
[236.95152791][303.92057946][2411.51627262]
[534.79193253][281.72862836][2198.73391422]
[440.42004287][165.83254063][1941.9304289]
[389.30742708][149.60476257][1819.28483137]
[445.81179127][170.81401854][1979.03832506]
[577.73056273][448.48480006][3463.49523589]
[729.79873111][206.25430942][1495.31931469]
[572.07312967][117.74724662][1610.72969194]
[701.59596661][638.906438][4684.56196326]
[972.0688855][658.70106518][4209.1673948]
>>>